matrix: Stranke94.mtx
1 2
-215.000000
1 3
114.000000
1 4
-89.000000
1 5
-77.000000
1 6
94.000000
1 7
-170.000000
1 8
176.000000
1 9
117.000000
1 10
-210.000000
2 3
-217.000000
2 4
134.000000
2 5
77.000000
2 6
-150.000000
2 7
57.000000
2 8
-253.000000
2 9
-230.000000
2 10
49.000000
3 4
-203.000000
3 5
-80.000000
3 6
138.000000
3 7
-109.000000
3 8
177.000000
3 9
180.000000
3 10
-174.000000
4 5
157.000000
4 6
-142.000000
4 7
173.000000
4 8
-241.000000
4 9
-254.000000
4 10
23.000000
5 6
-188.000000
5 7
170.000000
5 8
-120.000000
5 9
-160.000000
5 10
-9.000000
6 7
-97.000000
6 8
140.000000
6 9
116.000000
6 10
-106.000000
7 8
-184.000000
7 9
-191.000000
7 10
-6.000000
8 9
235.000000
8 10
-132.000000
9 10
-164.000000
Matrix Row: 10
Matrix Col: 10
Matrix NNZ: 45
------------------- Row Ptr------------------
0
9
17
24
30
35
39
42
44
45
45
------------------- Col Idx------------------
1
2
3
4
5
6
7
8
9
2
3
4
5
6
7
8
9
3
4
5
6
7
8
9
4
5
6
7
8
9
5
6
7
8
9
6
7
8
9
7
8
9
8
9
9
------------------- Matrix Val---------------------
-215.000000
114.000000
-89.000000
-77.000000
94.000000
-170.000000
176.000000
117.000000
-210.000000
-217.000000
134.000000
77.000000
-150.000000
57.000000
-253.000000
-230.000000
49.000000
-203.000000
-80.000000
138.000000
-109.000000
177.000000
180.000000
-174.000000
157.000000
-142.000000
173.000000
-241.000000
-254.000000
23.000000
-188.000000
170.000000
-120.000000
-160.000000
-9.000000
-97.000000
140.000000
116.000000
-106.000000
-184.000000
-191.000000
-6.000000
235.000000
-132.000000
-164.000000
%%MatrixMarket matrix coordinate integer symmetric
10 10 45
1 2                 -215
1 3                  114
1 4                  -89
1 5                  -77
1 6                   94
1 7                 -170
1 8                  176
1 9                  117
1 10                 -210
2 3                 -217
2 4                  134
2 5                   77
2 6                 -150
2 7                   57
2 8                 -253
2 9                 -230
2 10                   49
3 4                 -203
3 5                  -80
3 6                  138
3 7                 -109
3 8                  177
3 9                  180
3 10                 -174
4 5                  157
4 6                 -142
4 7                  173
4 8                 -241
4 9                 -254
4 10                   23
5 6                 -188
5 7                  170
5 8                 -120
5 9                 -160
5 10                   -9
6 7                  -97
6 8                  140
6 9                  116
6 10                 -106
7 8                 -184
7 9                 -191
7 10                   -6
8 9                  235
8 10                 -132
9 10                 -164
matrix: Stranke94.mtx
rows: 10	cols: 10	nnz: 45
WARMUP_NUM: 1	EXECUTE_NUM: 1
Execution with sve
Executing SpMV without SPM...
start = 0
end = 9
[ -215.000000, 114.000000, -89.000000, -77.000000, 94.000000, -170.000000, 176.000000, 117.000000]
---------------------------- matrix values ----------------------------
[ 1, 2, 3, 4, 5, 6, 7, 8]
----------------------------------- index ------------------------
[ 1.000000, 1.000000, 1.000000, 1.000000, 1.000000, 1.000000, 1.000000, 1.000000]
---------------------------- vector values ----------------------------
[ -215.000000, 114.000000, -89.000000, -77.000000, 94.000000, -170.000000, 176.000000, 117.000000]
----------------------- sum vector -------------------
[ -210.000000, 0.000000, 0.000000, 0.000000, 0.000000, 0.000000, 0.000000, 0.000000]
---------------------------- matrix values ----------------------------
[ 9, 4208680, 8, 5309744, 365080610528, 64, 7, 1]
----------------------------------- index ------------------------
[ 1.000000, 0.000000, 0.000000, 0.000000, 0.000000, 0.000000, 0.000000, 0.000000]
---------------------------- vector values ----------------------------
[ -425.000000, 0.000000, 0.000000, 0.000000, 0.000000, 0.000000, 0.000000, 0.000000]
----------------------- sum vector -------------------
---------------------------------------------------
start = 9
end = 17
[ -217.000000, 134.000000, 77.000000, -150.000000, 57.000000, -253.000000, -230.000000, 49.000000]
---------------------------- matrix values ----------------------------
[ 2, 3, 4, 5, 6, 7, 8, 9]
----------------------------------- index ------------------------
[ 1.000000, 1.000000, 1.000000, 1.000000, 1.000000, 1.000000, 1.000000, 1.000000]
---------------------------- vector values ----------------------------
[ -217.000000, 134.000000, 77.000000, -150.000000, 57.000000, -253.000000, -230.000000, 49.000000]
----------------------- sum vector -------------------
---------------------------------------------------
start = 17
end = 24
[ -203.000000, -80.000000, 138.000000, -109.000000, 177.000000, 180.000000, -174.000000, 0.000000]
---------------------------- matrix values ----------------------------
[ 3, 4, 5, 6, 7, 8, 9, 7]
----------------------------------- index ------------------------
[ 1.000000, 1.000000, 1.000000, 1.000000, 1.000000, 1.000000, 1.000000, 0.000000]
---------------------------- vector values ----------------------------
[ -203.000000, -80.000000, 138.000000, -109.000000, 177.000000, 180.000000, -174.000000, 0.000000]
----------------------- sum vector -------------------
---------------------------------------------------
start = 24
end = 30
[ 157.000000, -142.000000, 173.000000, -241.000000, -254.000000, 23.000000, 0.000000, 0.000000]
---------------------------- matrix values ----------------------------
[ 4, 5, 6, 7, 8, 9, 7, 6]
----------------------------------- index ------------------------
[ 1.000000, 1.000000, 1.000000, 1.000000, 1.000000, 1.000000, 0.000000, 0.000000]
---------------------------- vector values ----------------------------
[ 157.000000, -142.000000, 173.000000, -241.000000, -254.000000, 23.000000, 0.000000, 0.000000]
----------------------- sum vector -------------------
---------------------------------------------------
start = 30
end = 35
[ -188.000000, 170.000000, -120.000000, -160.000000, -9.000000, 0.000000, 0.000000, 0.000000]
---------------------------- matrix values ----------------------------
[ 5, 6, 7, 8, 9, 64, 7, 5]
----------------------------------- index ------------------------
[ 1.000000, 1.000000, 1.000000, 1.000000, 1.000000, 0.000000, 0.000000, 0.000000]
---------------------------- vector values ----------------------------
[ -188.000000, 170.000000, -120.000000, -160.000000, -9.000000, 0.000000, 0.000000, 0.000000]
----------------------- sum vector -------------------
---------------------------------------------------
start = 35
end = 39
[ -97.000000, 140.000000, 116.000000, -106.000000, 0.000000, 0.000000, 0.000000, 0.000000]
---------------------------- matrix values ----------------------------
[ 6, 7, 8, 9, 365080610528, 64, 7, 4]
----------------------------------- index ------------------------
[ 1.000000, 1.000000, 1.000000, 1.000000, 0.000000, 0.000000, 0.000000, 0.000000]
---------------------------- vector values ----------------------------
[ -97.000000, 140.000000, 116.000000, -106.000000, 0.000000, 0.000000, 0.000000, 0.000000]
----------------------- sum vector -------------------
---------------------------------------------------
start = 39
end = 42
[ -184.000000, -191.000000, -6.000000, 0.000000, 0.000000, 0.000000, 0.000000, 0.000000]
---------------------------- matrix values ----------------------------
[ 7, 8, 9, 5309744, 365080610528, 64, 7, 3]
----------------------------------- index ------------------------
[ 1.000000, 1.000000, 1.000000, 0.000000, 0.000000, 0.000000, 0.000000, 0.000000]
---------------------------- vector values ----------------------------
[ -184.000000, -191.000000, -6.000000, 0.000000, 0.000000, 0.000000, 0.000000, 0.000000]
----------------------- sum vector -------------------
---------------------------------------------------
start = 42
end = 44
[ 235.000000, -132.000000, 0.000000, 0.000000, 0.000000, 0.000000, 0.000000, 0.000000]
---------------------------- matrix values ----------------------------
[ 8, 9, 8, 5309744, 365080610528, 64, 7, 2]
----------------------------------- index ------------------------
[ 1.000000, 1.000000, 0.000000, 0.000000, 0.000000, 0.000000, 0.000000, 0.000000]
---------------------------- vector values ----------------------------
[ 235.000000, -132.000000, 0.000000, 0.000000, 0.000000, 0.000000, 0.000000, 0.000000]
----------------------- sum vector -------------------
---------------------------------------------------
start = 44
end = 45
[ -164.000000, 0.000000, 0.000000, 0.000000, 0.000000, 0.000000, 0.000000, 0.000000]
---------------------------- matrix values ----------------------------
[ 9, 4208680, 8, 5309744, 365080610528, 64, 7, 1]
----------------------------------- index ------------------------
[ 1.000000, 0.000000, 0.000000, 0.000000, 0.000000, 0.000000, 0.000000, 0.000000]
---------------------------- vector values ----------------------------
[ -164.000000, 0.000000, 0.000000, 0.000000, 0.000000, 0.000000, 0.000000, 0.000000]
----------------------- sum vector -------------------
---------------------------------------------------
start = 45
end = 45
---------------------------------------------------
start = 0
end = 9
[ -215.000000, 114.000000, -89.000000, -77.000000, 94.000000, -170.000000, 176.000000, 117.000000]
---------------------------- matrix values ----------------------------
[ 1, 2, 3, 4, 5, 6, 7, 8]
----------------------------------- index ------------------------
[ 1.000000, 1.000000, 1.000000, 1.000000, 1.000000, 1.000000, 1.000000, 1.000000]
---------------------------- vector values ----------------------------
[ -215.000000, 114.000000, -89.000000, -77.000000, 94.000000, -170.000000, 176.000000, 117.000000]
----------------------- sum vector -------------------
[ -210.000000, 0.000000, 0.000000, 0.000000, 0.000000, 0.000000, 0.000000, 0.000000]
---------------------------- matrix values ----------------------------
[ 9, 4208680, 8, 5309744, 365080610528, 64, 7, 1]
----------------------------------- index ------------------------
[ 1.000000, 0.000000, 0.000000, 0.000000, 0.000000, 0.000000, 0.000000, 0.000000]
---------------------------- vector values ----------------------------
[ -425.000000, 0.000000, 0.000000, 0.000000, 0.000000, 0.000000, 0.000000, 0.000000]
----------------------- sum vector -------------------
---------------------------------------------------
start = 9
end = 17
[ -217.000000, 134.000000, 77.000000, -150.000000, 57.000000, -253.000000, -230.000000, 49.000000]
---------------------------- matrix values ----------------------------
[ 2, 3, 4, 5, 6, 7, 8, 9]
----------------------------------- index ------------------------
[ 1.000000, 1.000000, 1.000000, 1.000000, 1.000000, 1.000000, 1.000000, 1.000000]
---------------------------- vector values ----------------------------
[ -217.000000, 134.000000, 77.000000, -150.000000, 57.000000, -253.000000, -230.000000, 49.000000]
----------------------- sum vector -------------------
---------------------------------------------------
start = 17
end = 24
[ -203.000000, -80.000000, 138.000000, -109.000000, 177.000000, 180.000000, -174.000000, 0.000000]
---------------------------- matrix values ----------------------------
[ 3, 4, 5, 6, 7, 8, 9, 7]
----------------------------------- index ------------------------
[ 1.000000, 1.000000, 1.000000, 1.000000, 1.000000, 1.000000, 1.000000, 0.000000]
---------------------------- vector values ----------------------------
[ -203.000000, -80.000000, 138.000000, -109.000000, 177.000000, 180.000000, -174.000000, 0.000000]
----------------------- sum vector -------------------
---------------------------------------------------
start = 24
end = 30
[ 157.000000, -142.000000, 173.000000, -241.000000, -254.000000, 23.000000, 0.000000, 0.000000]
---------------------------- matrix values ----------------------------
[ 4, 5, 6, 7, 8, 9, 7, 6]
----------------------------------- index ------------------------
[ 1.000000, 1.000000, 1.000000, 1.000000, 1.000000, 1.000000, 0.000000, 0.000000]
---------------------------- vector values ----------------------------
[ 157.000000, -142.000000, 173.000000, -241.000000, -254.000000, 23.000000, 0.000000, 0.000000]
----------------------- sum vector -------------------
---------------------------------------------------
start = 30
end = 35
[ -188.000000, 170.000000, -120.000000, -160.000000, -9.000000, 0.000000, 0.000000, 0.000000]
---------------------------- matrix values ----------------------------
[ 5, 6, 7, 8, 9, 64, 7, 5]
----------------------------------- index ------------------------
[ 1.000000, 1.000000, 1.000000, 1.000000, 1.000000, 0.000000, 0.000000, 0.000000]
---------------------------- vector values ----------------------------
[ -188.000000, 170.000000, -120.000000, -160.000000, -9.000000, 0.000000, 0.000000, 0.000000]
----------------------- sum vector -------------------
---------------------------------------------------
start = 35
end = 39
[ -97.000000, 140.000000, 116.000000, -106.000000, 0.000000, 0.000000, 0.000000, 0.000000]
---------------------------- matrix values ----------------------------
[ 6, 7, 8, 9, 365080610528, 64, 7, 4]
----------------------------------- index ------------------------
[ 1.000000, 1.000000, 1.000000, 1.000000, 0.000000, 0.000000, 0.000000, 0.000000]
---------------------------- vector values ----------------------------
[ -97.000000, 140.000000, 116.000000, -106.000000, 0.000000, 0.000000, 0.000000, 0.000000]
----------------------- sum vector -------------------
---------------------------------------------------
start = 39
end = 42
[ -184.000000, -191.000000, -6.000000, 0.000000, 0.000000, 0.000000, 0.000000, 0.000000]
---------------------------- matrix values ----------------------------
[ 7, 8, 9, 5309744, 365080610528, 64, 7, 3]
----------------------------------- index ------------------------
[ 1.000000, 1.000000, 1.000000, 0.000000, 0.000000, 0.000000, 0.000000, 0.000000]
---------------------------- vector values ----------------------------
[ -184.000000, -191.000000, -6.000000, 0.000000, 0.000000, 0.000000, 0.000000, 0.000000]
----------------------- sum vector -------------------
---------------------------------------------------
start = 42
end = 44
[ 235.000000, -132.000000, 0.000000, 0.000000, 0.000000, 0.000000, 0.000000, 0.000000]
---------------------------- matrix values ----------------------------
[ 8, 9, 8, 5309744, 365080610528, 64, 7, 2]
----------------------------------- index ------------------------
[ 1.000000, 1.000000, 0.000000, 0.000000, 0.000000, 0.000000, 0.000000, 0.000000]
---------------------------- vector values ----------------------------
[ 235.000000, -132.000000, 0.000000, 0.000000, 0.000000, 0.000000, 0.000000, 0.000000]
----------------------- sum vector -------------------
---------------------------------------------------
start = 44
end = 45
[ -164.000000, 0.000000, 0.000000, 0.000000, 0.000000, 0.000000, 0.000000, 0.000000]
---------------------------- matrix values ----------------------------
[ 9, 4208680, 8, 5309744, 365080610528, 64, 7, 1]
----------------------------------- index ------------------------
[ 1.000000, 0.000000, 0.000000, 0.000000, 0.000000, 0.000000, 0.000000, 0.000000]
---------------------------- vector values ----------------------------
[ -164.000000, 0.000000, 0.000000, 0.000000, 0.000000, 0.000000, 0.000000, 0.000000]
----------------------- sum vector -------------------
---------------------------------------------------
start = 45
end = 45
---------------------------------------------------
SpMV execution finish.

y[0] = -260.000000
y[1] = -533.000000
y[2] = -71.000000
y[3] = -284.000000
y[4] = -307.000000
y[5] = 53.000000
y[6] = -381.000000
y[7] = 103.000000
y[8] = -164.000000
y[9] = 0.000000
